375,203
383,200
389,198
393,198
401,204
407,207
411,213
411,215
414,223
415,227
416,234
418,238
420,242
420,246
421,249
423,254
423,259
424,263
424,267
426,274
427,279
429,285
430,287
431,293
432,296
433,303
433,308
433,313
432,317
432,322
432,326
432,330
431,336
430,340
428,344
428,346
427,349
427,351
425,354
424,356
423,358
421,360
420,361
420,362
419,364
417,367
416,367
412,375
408,378
408,378
407,383
407,386
407,388
405,396
405,399
405,402
405,405
404,408
401,411
399,414
398,415
397,416
395,418
394,419
392,421
387,425
386,426
381,428
379,429
375,431
374,432
370,435
366,438
361,439
357,441
355,442
353,443
349,445
345,447
342,447
337,449
333,452
331,453
326,453
324,454
322,454
318,456
307,456
298,457
291,457
285,457
285,457
280,455
278,455
278,455
272,452
271,447
267,443
259,440
256,438
250,434
247,431
246,428
246,421
250,416
253,412
255,410
257,409
261,408
266,405
266,405
276,405
277,405
282,405
286,405
287,405
298,406
302,406
309,405
312,404
316,403
320,402
323,402
323,402
330,401
335,399
339,398
341,397
347,396
350,395
352,394
354,393
359,392
361,392
362,388
362,385
362,379
362,376
366,370
369,364
372,358
375,351
375,344
375,337
375,333
373,325
369,318
366,314
360,306
355,310
355,311
353,316
353,316
352,318
349,320
347,322
347,322
345,323
338,326
333,327
330,328
325,330
320,332
317,334
314,335
309,337
304,338
302,338
295,338
288,336
285,335
282,335
276,335
273,335
268,339
263,342
257,344
251,344
248,344
241,340
240,335
238,330
238,330
240,329
245,328
246,327
248,326
251,325
251,325
255,325
262,330
266,335
263,329
258,327
255,325
251,321
249,318
248,316
247,314
243,311
240,308
239,307
239,302
242,300
248,301
253,301
256,301
259,302
261,303
263,303
258,307
255,308
253,310
251,312
250,314
248,325
242,329
239,337
242,342
240,346
237,345
234,343
232,341
230,338
227,336
225,334
224,333
222,329
221,326
219,322
218,321
217,318
215,316
215,312
215,311
215,310
216,306
216,305
218,303
219,303
219,303
219,303
218,314
219,317
221,320
224,324
227,328
228,329
230,331
239,331
247,325
249,323
253,322
260,328
264,330
267,332
271,333
274,333
278,333
281,333
283,333
286,331
289,327
291,324
292,320
292,317
292,313
292,311
292,307
289,305
287,304
287,304
292,320
291,325
287,329
285,332
283,332
283,332
291,328
292,318
292,314
293,310
290,302
297,301
297,298
291,296
286,294
283,292
279,288
277,287
276,281
276,278
276,274
276,271
277,268
280,266
285,263
289,259
294,255
299,253
301,253
303,252
308,252
312,252
316,258
317,262
313,269
311,270
306,270
301,272
298,272
296,272
291,271
288,268
287,268
287,268
285,264
285,264
280,264
277,265
277,265
274,260
274,256
274,247
273,241
271,233
267,226
266,219
264,215
258,220
257,225
253,233
253,234
250,237
250,241
250,242
247,248
246,250
245,254
245,254
242,258
241,261
240,262
239,263
235,266
228,266
223,266
221,266
214,262
207,254
206,248
209,245
218,246
219,247
225,248
229,249
231,251
239,255
240,255
245,255
245,255
245,255
246,256
246,259
246,265
244,269
241,277
235,281
230,282
226,283
224,284
221,285
215,287
209,288
209,288
206,289
202,290
198,290
194,290
188,288
183,284
181,279
178,270
178,264
178,258
178,252
178,249
177,244
177,235
177,226
180,220
180,219
185,205
185,204
185,204
185,199
185,193
188,185
188,177
185,162
182,149
181,140
181,126
183,113
183,112
188,121
189,128
192,133
195,141
198,145
201,149
205,155
209,161
212,166
214,171
218,180
221,187
220,198
214,207
210,211
209,212
209,212
209,212
209,212
214,205
214,205
215,201
218,194
218,187
218,181
215,168
208,159
199,137
196,131
196,131
209,146
213,152
219,158
224,161
231,166
235,167
241,169
247,172
252,175
258,179
262,181
267,181
273,181
280,183
290,183
295,183
301,182
305,181
308,178
316,171
321,168
331,161
335,155
341,151
348,148
358,148
364,151
365,157
369,174
370,177
370,179
370,186
369,188
368,195
368,199
368,200
367,203
366,210
366,213
366,214
365,218
364,222
363,224
363,225
363,225
363,230
362,233
359,242
357,248
357,250
357,245
361,230
361,218
364,206
366,198
368,181
368,169
367,159
364,153
364,153
356,143
342,148
331,162
326,170
316,174
300,178
290,181
281,182
264,179
250,174
235,169
220,160
215,154
210,147
204,141
195,127
189,120
185,114
185,123
185,125
185,132
184,139
183,146
183,152
182,161
182,165
184,172
187,179
187,192
185,202
182,212
182,215
179,227
177,231
176,249
176,268
170,291
170,293
176,301
181,304
184,313
185,317
181,323
175,327
173,333
172,341
171,348
171,352
172,366
172,366
174,375
174,380
175,384
175,387
177,398
180,399
186,402
191,403
195,407
203,411
211,413
218,415
224,418
234,420
246,424
254,430
263,451
263,456
264,459
262,468
257,471
247,474
240,474
234,474
225,469
214,468
209,466
200,463
188,457
187,456
179,452
177,450
173,446
168,443
164,437
154,425
152,422
145,410
145,404
146,398
147,396
151,383
158,372
162,368
163,363
165,351
163,336
163,326
167,317
170,312
172,300
173,289
174,283
174,273
174,273
