26,331
29,315
34,306
40,299
47,285
52,269
59,253
68,232
74,216
87,198
102,182
112,169
123,160
133,151
144,144
154,136
158,122
164,106
179,95
193,83
214,76
238,72
258,71
280,75
297,81
314,89
331,103
338,113
339,122
351,134
372,150
384,174
395,198
405,218
411,232
415,254
420,275
425,299
426,316
430,331
432,353
432,374
420,385
398,385
387,371
377,347
369,324
363,299
356,277
355,250
350,227
338,189
335,174
328,162
310,151
294,144
283,152
282,168
286,179
299,179
308,173
308,161
309,173
299,180
290,187
296,198
302,211
305,224
305,239
304,254
298,265
289,274
273,276
260,275
249,267
238,265
224,259
216,258
207,265
196,271
185,275
173,275
160,268
150,259
149,244
149,232
151,216
158,203
166,185
169,173
174,160
175,149
169,136
172,143
176,149
174,170
162,164
165,151
164,152
164,162
169,174
167,184
159,203
151,216
148,236
150,243
151,259
161,268
177,276
188,276
201,268
214,261
216,244
220,231
228,227
236,219
228,220
215,227
211,227
201,220
200,219
208,226
214,231
219,240
220,234
221,228
229,220
236,216
243,212
244,203
240,192
230,184
221,183
206,183
193,189
188,201
184,211
189,199
196,188
212,184
223,185
243,197
240,216
222,228
218,242
216,250
211,261
192,271
170,270
156,266
150,246
150,226
153,212
160,201
167,191
168,181
174,169
176,149
173,138
156,146
153,160
151,169
148,182
144,192
138,205
135,220
134,235
134,249
136,266
142,277
153,290
172,296
192,296
211,296
229,293
249,293
273,297
294,297
316,298
339,291
350,283
338,297
317,297
294,297
274,298
249,294
229,292
214,297
192,296
172,294
156,290
141,278
136,265
133,251
134,236
125,231
118,249
112,263
107,278
107,285
123,274
136,268
125,275
111,283
97,293
91,308
81,322
73,335
59,346
48,348
27,348
20,336
20,337
27,347
53,354
65,347
75,335
86,320
91,307
99,292
109,281
128,269
136,269
141,277
153,290
162,302
162,314
165,327
180,340
190,354
198,362
205,369
219,383
227,393
240,395
247,398
260,401
274,408
286,414
298,415
289,428
276,440
271,454
271,468
284,475
300,475
321,475
341,471
361,471
370,461
391,444
400,436
410,421
410,418
399,439
403,444
424,442
444,442
447,442
452,431
455,417
465,405
481,400
499,392
514,391
531,391
555,393
569,399
578,405
588,410
597,421
595,430
590,434
581,440
574,447
565,453
557,459
542,462
539,462
534,465
522,470
502,470
490,470
490,470
472,469
465,468
460,464
455,461
447,449
447,449
449,430
453,417
461,405
484,395
495,391
502,389
512,385
522,385
534,385
558,390
571,401
586,407
602,417
608,420
617,418
621,407
628,393
632,384
639,368
642,360
648,345
648,325
648,305
648,276
647,252
639,237
630,223
613,204
595,185
568,168
556,157
538,148
516,140
485,131
467,127
445,121
424,125
411,120
390,115
367,115
348,115
339,107
331,102
317,92
302,84
286,81
269,74
243,71
220,72
191,81
174,94
164,105
154,121
156,135
146,143
130,150
118,165
109,174
95,187
82,199
76,214
67,231
65,244
53,260
44,278
37,294
30,310
24,331
24,345
30,355
44,354